# A comment
#
#
3 3 3 1
0.000000e+00 1.760000e+01
0.000000e+00 1.760000e+01
0.000000e+00 1.760000e+01
0 0 0 9.688978e+01 1.000000e-05 1.000000e+00 1.000000e-05 1.000000e-06 1
1 0 0 9.688977e+01 0.000000e+00 1.000000e+00 1.000000e-05 1.000000e-06 1
2 0 0 9.688976e+01 0.000000e+00 1.000000e+00 1.000000e-05 1.000000e-06 1
0 1 0 9.688976e+01 0.000000e+00 1.000000e+00 1.000000e-05 1.000000e-06 1
1 1 0 9.688978e+01 0.000000e+00 1.000000e+00 1.000000e-05 1.000000e-06 1
2 1 0 9.688974e+01 0.000000e+00 1.000000e+00 1.000000e-05 1.000000e-06 1
0 2 0 9.688976e+01 0.000000e+00 1.000000e+00 1.000000e-05 1.000000e-06 1
1 2 0 9.688976e+01 0.000000e+00 1.000000e+00 1.000000e-05 1.000000e-06 1
2 2 0 9.688975e+01 0.000000e+00 1.000000e+00 1.000000e-05 1.000000e-06 1
0 0 1 9.688977e+01 0.000000e+00 1.000000e+00 1.000000e-05 1.000000e-06 1
1 0 1 9.688977e+01 0.000000e+00 1.000000e+00 1.000000e-05 1.000000e-06 1
2 0 1 9.688977e+01 0.000000e+00 1.000000e+00 1.000000e-05 1.000000e-06 1
0 1 1 9.688977e+01 0.000000e+00 1.000000e+00 1.000000e-05 1.000000e-06 1
1 1 1 9.688978e+01 0.000000e+00 1.000000e+00 1.000000e-05 1.000000e-06 1
2 1 1 9.688975e+01 0.000000e+00 1.000000e+00 1.000000e-05 1.000000e-06 1
0 2 1 9.688976e+01 0.000000e+00 1.000000e+00 1.000000e-05 1.000000e-06 1
1 2 1 9.688977e+01 0.000000e+00 1.000000e+00 1.000000e-05 1.000000e-06 1
2 2 1 9.688977e+01 0.000000e+00 1.000000e+00 1.000000e-05 1.000000e-06 1
0 0 2 9.688977e+01 0.000000e+00 1.000000e+00 1.000000e-05 1.000000e-06 1
1 0 2 9.688979e+01 0.000000e+00 1.000000e+00 1.000000e-05 1.000000e-06 1
2 0 2 9.688978e+01 0.000000e+00 1.000000e+00 1.000000e-05 1.000000e-06 1
0 1 2 9.688977e+01 0.000000e+00 1.000000e+00 1.000000e-05 1.000000e-06 1
1 1 2 9.688979e+01 0.000000e+00 1.000000e+00 1.000000e-05 1.000000e-06 1
2 1 2 9.688975e+01 0.000000e+00 1.000000e+00 1.000000e-05 1.000000e-06 1
0 2 2 9.688977e+01 0.000000e+00 1.000000e+00 1.000000e-05 1.000000e-06 1
1 2 2 9.688978e+01 0.000000e+00 1.000000e+00 1.000000e-05 1.000000e-06 1
2 2 2 9.688976e+01 0.000000e+00 1.000000e+00 1.000000e-05 1.000000e-06 1
