# A comment
#
#
5 5 5 1
0.000000e+00 1.760000e+01
0.000000e+00 1.760000e+01
0.000000e+00 1.760000e+01
0 0 0 300.0 0.0 1.0 1.0 1.0 1
1 0 0 300.0 0.0 1.0 1.0 1.0 1
2 0 0 300.0 0.0 1.0 1.0 1.0 1
3 0 0 300.0 0.0 1.0 1.0 1.0 1
4 0 0 300.0 0.0 1.0 1.0 1.0 1
0 1 0 300.0 0.0 1.0 1.0 1.0 1
1 1 0 300.0 0.0 1.0 1.0 1.0 1
2 1 0 300.0 0.0 1.0 1.0 1.0 1
3 1 0 300.0 0.0 1.0 1.0 1.0 1
4 1 0 300.0 0.0 1.0 1.0 1.0 1
0 2 0 300.0 0.0 1.0 1.0 1.0 1
1 2 0 300.0 0.0 1.0 1.0 1.0 1
2 2 0 300.0 0.0 1.0 1.0 1.0 1
3 2 0 300.0 0.0 1.0 1.0 1.0 1
4 2 0 300.0 0.0 1.0 1.0 1.0 1
0 3 0 300.0 0.0 1.0 1.0 1.0 1
1 3 0 300.0 0.0 1.0 1.0 1.0 1
2 3 0 300.0 0.0 1.0 1.0 1.0 1
3 3 0 300.0 0.0 1.0 1.0 1.0 1
4 3 0 300.0 0.0 1.0 1.0 1.0 1
0 4 0 300.0 0.0 1.0 1.0 1.0 1
1 4 0 300.0 0.0 1.0 1.0 1.0 1
2 4 0 300.0 0.0 1.0 1.0 1.0 1
3 4 0 300.0 0.0 1.0 1.0 1.0 1
4 4 0 300.0 0.0 1.0 1.0 1.0 1
0 0 1 300.0 0.0 1.0 1.0 1.0 1
1 0 1 300.0 0.0 1.0 1.0 1.0 1
2 0 1 300.0 0.0 1.0 1.0 1.0 1
3 0 1 300.0 0.0 1.0 1.0 1.0 1
4 0 1 300.0 0.0 1.0 1.0 1.0 1
0 1 1 300.0 0.0 1.0 1.0 1.0 1
1 1 1 300.0 0.0 1.0 1.0 1.0 1
2 1 1 300.0 0.0 1.0 1.0 1.0 1
3 1 1 300.0 0.0 1.0 1.0 1.0 1
4 1 1 300.0 0.0 1.0 1.0 1.0 1
0 2 1 300.0 0.0 1.0 1.0 1.0 1
1 2 1 300.0 0.0 1.0 1.0 1.0 1
2 2 1 300.0 0.0 1.0 1.0 1.0 1
3 2 1 300.0 0.0 1.0 1.0 1.0 1
4 2 1 300.0 0.0 1.0 1.0 1.0 1
0 3 1 300.0 0.0 1.0 1.0 1.0 1
1 3 1 300.0 0.0 1.0 1.0 1.0 1
2 3 1 300.0 0.0 1.0 1.0 1.0 1
3 3 1 300.0 0.0 1.0 1.0 1.0 1
4 3 1 300.0 0.0 1.0 1.0 1.0 1
0 4 1 300.0 0.0 1.0 1.0 1.0 1
1 4 1 300.0 0.0 1.0 1.0 1.0 1
2 4 1 300.0 0.0 1.0 1.0 1.0 1
3 4 1 300.0 0.0 1.0 1.0 1.0 1
4 4 1 300.0 0.0 1.0 1.0 1.0 1
0 0 2 300.0 0.0 1.0 1.0 1.0 1
1 0 2 300.0 0.0 1.0 1.0 1.0 1
2 0 2 300.0 0.0 1.0 1.0 1.0 1
3 0 2 300.0 0.0 1.0 1.0 1.0 1
4 0 2 300.0 0.0 1.0 1.0 1.0 1
0 1 2 300.0 0.0 1.0 1.0 1.0 1
1 1 2 300.0 0.0 1.0 1.0 1.0 1
2 1 2 300.0 0.0 1.0 1.0 1.0 1
3 1 2 300.0 0.0 1.0 1.0 1.0 1
4 1 2 300.0 0.0 1.0 1.0 1.0 1
0 2 2 300.0 0.0 1.0 1.0 1.0 1
1 2 2 300.0 0.0 1.0 1.0 1.0 1
2 2 2 300.0 0.0 1.0 1.0 1.0 1
3 2 2 300.0 0.0 1.0 1.0 1.0 1
4 2 2 300.0 0.0 1.0 1.0 1.0 1
0 3 2 300.0 0.0 1.0 1.0 1.0 1
1 3 2 300.0 0.0 1.0 1.0 1.0 1
2 3 2 300.0 0.0 1.0 1.0 1.0 1
3 3 2 300.0 0.0 1.0 1.0 1.0 1
4 3 2 300.0 0.0 1.0 1.0 1.0 1
0 4 2 300.0 0.0 1.0 1.0 1.0 1
1 4 2 300.0 0.0 1.0 1.0 1.0 1
2 4 2 300.0 0.0 1.0 1.0 1.0 1
3 4 2 300.0 0.0 1.0 1.0 1.0 1
4 4 2 300.0 0.0 1.0 1.0 1.0 1
0 0 3 300.0 0.0 1.0 1.0 1.0 1
1 0 3 300.0 0.0 1.0 1.0 1.0 1
2 0 3 300.0 0.0 1.0 1.0 1.0 1
3 0 3 300.0 0.0 1.0 1.0 1.0 1
4 0 3 300.0 0.0 1.0 1.0 1.0 1
0 1 3 300.0 0.0 1.0 1.0 1.0 1
1 1 3 300.0 0.0 1.0 1.0 1.0 1
2 1 3 300.0 0.0 1.0 1.0 1.0 1
3 1 3 300.0 0.0 1.0 1.0 1.0 1
4 1 3 300.0 0.0 1.0 1.0 1.0 1
0 2 3 300.0 0.0 1.0 1.0 1.0 1
1 2 3 300.0 0.0 1.0 1.0 1.0 1
2 2 3 300.0 0.0 1.0 1.0 1.0 1
3 2 3 300.0 0.0 1.0 1.0 1.0 1
4 2 3 300.0 0.0 1.0 1.0 1.0 1
0 3 3 300.0 0.0 1.0 1.0 1.0 1
1 3 3 300.0 0.0 1.0 1.0 1.0 1
2 3 3 300.0 0.0 1.0 1.0 1.0 1
3 3 3 300.0 0.0 1.0 1.0 1.0 1
4 3 3 300.0 0.0 1.0 1.0 1.0 1
0 4 3 300.0 0.0 1.0 1.0 1.0 1
1 4 3 300.0 0.0 1.0 1.0 1.0 1
2 4 3 300.0 0.0 1.0 1.0 1.0 1
3 4 3 300.0 0.0 1.0 1.0 1.0 1
4 4 3 300.0 0.0 1.0 1.0 1.0 1
0 0 4 300.0 0.0 1.0 1.0 1.0 1
1 0 4 300.0 0.0 1.0 1.0 1.0 1
2 0 4 300.0 0.0 1.0 1.0 1.0 1
3 0 4 300.0 0.0 1.0 1.0 1.0 1
4 0 4 300.0 0.0 1.0 1.0 1.0 1
0 1 4 300.0 0.0 1.0 1.0 1.0 1
1 1 4 300.0 0.0 1.0 1.0 1.0 1
2 1 4 300.0 0.0 1.0 1.0 1.0 1
3 1 4 300.0 0.0 1.0 1.0 1.0 1
4 1 4 300.0 0.0 1.0 1.0 1.0 1
0 2 4 300.0 0.0 1.0 1.0 1.0 1
1 2 4 300.0 0.0 1.0 1.0 1.0 1
2 2 4 300.0 0.0 1.0 1.0 1.0 1
3 2 4 300.0 0.0 1.0 1.0 1.0 1
4 2 4 300.0 0.0 1.0 1.0 1.0 1
0 3 4 300.0 0.0 1.0 1.0 1.0 1
1 3 4 300.0 0.0 1.0 1.0 1.0 1
2 3 4 300.0 0.0 1.0 1.0 1.0 1
3 3 4 300.0 0.0 1.0 1.0 1.0 1
4 3 4 300.0 0.0 1.0 1.0 1.0 1
0 4 4 300.0 0.0 1.0 1.0 1.0 1
1 4 4 300.0 0.0 1.0 1.0 1.0 1
2 4 4 300.0 0.0 1.0 1.0 1.0 1
3 4 4 300.0 0.0 1.0 1.0 1.0 1
4 4 4 300.0 0.0 1.0 1.0 1.0 1
